1	1977.1
1	1980.94
1	1982.06
1	1981.97
1	1981.01
1	1981.38
2	1001.32
2	999.717
2	1000.96
2	1001.47
2	1000.3
2	1000.87
4	507.363
4	507.629
4	507.281
4	507.075
4	507.396
4	507.593
8	363.864
8	363.558
8	363.739
8	363.393
8	363.664
8	363.729
16	197.596
16	197.876
16	198.134
16	197.762
16	198.004
16	198.06
24	139.875
24	138.524
24	138.97
24	139.46
24	139.661
24	139.654
32	112.39
32	112.313
32	112.502
32	112.087
32	112.017
32	112.086
48	86.2625
48	87.1503
48	87.2566
48	86.4169
48	87.5538
48	87.1612
64	94.8721
64	93.2487
64	94.6491
64	94.5357
64	96.2994
64	95.1612
