1	1438.78
1	1434.84
1	1434.25
1	1434.93
1	1433.75
1	1433.22
2	732.067
2	731.683
2	731.536
2	731.486
2	731.49
2	728.829
4	369.11
4	369.59
4	369.968
4	369.859
4	369.605
4	369.137
8	265.41
8	265.716
8	265.432
8	265.605
8	265.566
8	265.524
16	144.975
16	145.07
16	145.048
16	145.072
16	144.951
16	144.849
24	101.903
24	102.825
24	103.146
24	102.645
24	102.256
24	102.662
32	83.4093
32	83.139
32	83.4834
32	83.2333
32	82.9132
32	82.8118
48	65.4913
48	64.6422
48	64.2406
48	65.5434
48	65.4906
48	64.7212
64	70.4232
64	69.8307
64	70.7316
64	69.6968
64	69.4813
64	69.1098
