1	261.379
1	263.291
1	261.867
1	261.476
1	262.074
1	261.343
2	131.997
2	131.888
2	131.798
2	132.067
2	131.855
2	131.981
4	67.0644
4	67.1526
4	67.1435
4	67.1364
4	67.1219
4	67.1103
8	48.5614
8	48.4999
8	48.5356
8	48.4938
8	48.4288
8	48.467
16	27.4149
16	27.4152
16	27.2961
16	27.4403
16	27.3268
16	27.2993
24	20.5927
24	20.6725
24	20.7036
24	20.7759
24	20.664
24	20.5254
32	18.4155
32	18.3278
32	17.9798
32	18.2623
32	18.0381
32	18.341
48	15.7198
48	15.765
48	15.5441
48	15.4559
48	15.7478
48	15.8564
64	15.3876
64	15.129
64	15.0917
64	15.0192
64	14.9623
64	15.0597
